version: 1
creator: callgrind-3.9.0
pid: 11805
cmd:  ./um midmark.um
part: 1


desc: I1 cache: 
desc: D1 cache: 
desc: LL cache: 

desc: Timerange: Basic block 0 - 13874229
desc: Trigger: Program termination

positions: line
events: Ir
summary: 113551729


ob=(1) /lib64/ld-2.12.so
fl=(17) /usr/src/debug////////glibc-2.12-2-gc4ccff1/posix/../sysdeps/unix/syscall-template.S
fn=(52) uname
82 2

ob=(2) ???
fl=(12) ???
fn=(184) 0x00000000048014d0
0 2
cob=(4) /usr/sup/valgrind-3.9.0/lib/valgrind/vgpreload_core-amd64-linux.so
cfi=(41) ???
cfn=(186) 0x0000000000000520
calls=1 0 
0 6
0 1
cob=(4)
cfi=(41)
cfn=(192) 0x0000000000000630
calls=1 0 
0 16

ob=(1)
fl=(17)
fn=(52)
82 2
+1 1

fl=(28) /usr/src/debug////////glibc-2.12-2-gc4ccff1/string/../sysdeps/x86_64/memset.S
fn=(102) memset
44 6
+1 6
+1 6
+4 6
+1 6
+1 6
+1 6
+2 6
+1 6
+2 5
+5 5
+1 5
+1 5
+1 5
+1 5
329 1
+1 1
+1 1
+1 1
+1 1
+1 1
+1 1
+1 1
+1 1
+1 1
+1 1
+1 1
-8 1
+1 1
+1 1
+1 1
+1 1
+1 1
+1 1
+1 1
+1 1
-2 2
+1 2
+1 2
-1 1
+1 1
+76 1
+1 1
+87 1
+1 1
+1 1
+1 1
+1 1
+1 1
+1 1
+5 1
+1 1
+1 1
+1 1
+1 1
+36 1
+1 1
+37 1
1214 1
+1 2
+4 1
+1 1
+1 1

ob=(2)
fl=(12)
fn=(184)
0 1
cob=(4)
cfi=(41)
cfn=(202) 0x00000000000007a0
calls=1 0 
0 12
0 2

fn=(254) 0x0000000000400780
0 2
cob=(5) /h/sschoe05/Desktop/comp40-2/hw6/Universal-Machine/um
cfi=(50) ???
cfn=(256) 0x00000000004008f4
calls=1 0 
0 6
0 1
cob=(5)
cfi=(50)
cfn=(262) 0x00000000004009f0
calls=1 0 
0 15
0 1
cob=(5)
cfi=(50)
cfn=(272) 0x00000000004012b0
calls=1 0 
0 12
0 2

ob=(1)
fl=(28)
fn=(102)
1221 1
+5 1
+2 1
+1 1
+1 1
+1 1
+1 1
+1 1
+1 1
+1 1
+1 1
+1 1
+1 1
+1 1
+1 1
+1 1
+1 1
+1 1
+2 1
+2 1
-21 3
+2 3
+1 3
+1 3
+1 3
+1 3
+1 3
+1 3
+1 3
+1 3
+1 3
+1 3
+1 3
+1 3
+1 3
+1 3
+1 3
+2 3
+2 3
+3 1
+1 1
+6 1
+1 1
+1 1
+1 1
+1 1

fl=(16) /usr/src/debug/glibc-2.12-2-gc4ccff1/elf/../sysdeps/unix/sysv/linux/dl-sysdep.c
fn=(50) _dl_discover_osversion
67 4
+2 3
+85 5
-45 3
cfi=(17)
cfn=(52)
calls=1 -27 
* 5
* 3
+12 2
+10 12
+4 3
-2 9
+2 10
+3 4
-3 4
+7 3
-1 3
+2 3
+2 14
+5 2

fl=(33) /usr/src/debug/glibc-2.12-2-gc4ccff1/elf/dl-version.c
fn=(136) _dl_check_map_versions
180 36
+15 4
-15 8
+15 8
+2 4
+3 4
-3 4
+2 4
+1 4
+2 4
-3 4
+3 4
+3 6
+4 2
-4 2
+4 4
+10 8
+7 2
62 2
226 4
62 16
+1 5
-1 10
+2 21
cfi=(24) /usr/src/debug/glibc-2.12-2-gc4ccff1/elf/dl-misc.c
cfn=(84) _dl_name_match_p
calls=7 301 
* 496
* 14
234 6
+5 8
+20 2
-16 32
cfn=(138) match_symbol
calls=1 82 
* 138
* 12
cfn=(138)
calls=2 82 
* 312
* 15
+11 9
+9 8
69 2
277 8
+3 8
+10 40
-10 80
+6 60
-6 8
+6 6
+8 8
+87 36
-81 3
-1 9
cfi=(13) /usr/src/debug/glibc-2.12-2-gc4ccff1/elf/dl-minimal.c
cfn=(28) calloc
calls=3 111 
* 117
* 3
+2 3
-2 3
+2 3
+11 3
+2 3
-5 3
+3 6
+2 3
+3 10
+4 6
+18 3
-15 2
+2 3
-2 4
+2 6
+2 18
+1 9
+1 9
+1 9
+3 9
+8 6
+10 6
+3 10
+20 40
-14 20
-2 20
+2 22
-2 2
+2 2
+5 40
+1 20
-1 100
+1 20
+1 20
-1 40
+4 68
269 6

fn=(134) _dl_check_all_versions
387 5
+4 1
-4 1
+4 1
-4 1
+4 3
+1 12
-1 4
+1 4
-1 8
+5 7
-3 16
cfn=(136)
calls=4 180 
* 2167
-1 16

fn=(138)
82 30
+9 3
-8 3
-1 9
+1 3
+8 3
+6 9
+18 6
+5 6
+14 20
+12 21
+4 14
-30 14
+19 18
cfi=(15) /usr/src/debug////////glibc-2.12-2-gc4ccff1/string/../sysdeps/x86_64/strcmp.S
cfn=(46) strcmp
calls=3 -4 
* 258
* 9
+34 3
+1 21

fl=(30) /usr/src/debug/glibc-2.12-2-gc4ccff1/io/../sysdeps/unix/sysv/linux/wordsize-64/xstat.c
fn=(116) _xstat
37 8
-1 8
+1 8
+1 48
+4 2
-4 24

fl=(5) /usr/src/debug/glibc-2.12-2-gc4ccff1/elf/../elf/dl-sysdep.c
fn=(8) _dl_sysdep_start
89 8
+25 1
-1 1
+1 134
+3 1
-3 1
+6 2
-2 1
-1 1
+3 1
-6 1
+6 4
+1 1
-1 7
+1 102
+3 2
-4 49
fi=(16)
-84 2
cfi=(6) /usr/src/debug/glibc-2.12-2-gc4ccff1/elf/../sysdeps/unix/sysv/linux/x86_64/brk.c
cfn=(10) brk
calls=1 -7 
* 11
fi=(7) /usr/src/debug/glibc-2.12-2-gc4ccff1/elf/../sysdeps/x86_64/dl-machine.h
226 5
fe=(5)
+3 2
cfi=(9) /usr/src/debug/glibc-2.12-2-gc4ccff1/elf/../misc/sbrk.c
cfn=(16) sbrk
calls=1 35 
* 17
* 3
+12 3
+3 5
cfi=(2) /usr/src/debug/glibc-2.12-2-gc4ccff1/elf/rtld.c
cfn=(18) dl_main
calls=1 888 
* 128556
+2 9
-67 1
-59 4
+34 1
-34 4
+43 1
-43 4
+40 1
-40 4
+37 1
-37 5
+13 1
-13 4
+10 1
-10 4
+7 1
-7 4
227 1
cfi=(8) /usr/src/debug////////glibc-2.12-2-gc4ccff1/string/../sysdeps/x86_64/rtld-strlen.S
cfn=(14) strlen
calls=1 29 
* 42
* 2

fn=(56) _dl_important_hwcaps
354 6
+3 1
-3 2
+3 1
-1 1
+1 1
+9 1
-12 4
+12 1
+10 3
+75 2
+8 2
+2 1
+1 1
-1 2
+1 3
+11 1
-7 2
+1 1
-1 1
+7 1
+4 6
+1 2
+18 11
+1 3
cfi=(13)
cfn=(32) malloc
calls=1 95 
* 29
* 1
+1 1
-1 1
+1 1
+4 2
+22 3
+3 1
-3 3
+3 1
+28 2
-7 1
+7 4
+1 1
-1 1
+1 1
-1 1
+1 1
-1 1
+1 3
-1 3
+1 3
-1 3
+1 3
-1 5
+5 2
-5 3
+5 3
+3 1
-3 1
+3 1
-3 3
+3 1
-3 1
+3 7
+2 16
-2 4
+1 12
-1 2
+1 12
-1 10
+4 4
+3 1
+2 2
-1 1
-1 2
+2 3
+13 11
+1 1
+2 2
-3 3
+1 1
+2 2
+3 3
+3 9
418 1
+3 1
-3 1
+3 8
529 5
cfi=(14) /usr/src/debug////////glibc-2.12-2-gc4ccff1/string/../sysdeps/x86_64/memcpy.S
cfn=(58) mempcpy
calls=1 56 
* 22
* 1
+1 1
-1 1
+1 2
cfi=(14)
cfn=(58)
calls=1 56 
* 22
* 3

fn=(174) _dl_sysdep_start_cleanup
252 1

fl=(51) /usr/src/debug////////glibc-2.12-2-gc4ccff1/elf/../sysdeps/x86_64/dl-trampoline.S
fn=(240) _dl_runtime_resolve
30 11
+2 11
+1 11
+1 11
+1 11
+1 11
+1 11
+1 11
+1 11
+1 11
+1 11
cfi=(52) /usr/src/debug/glibc-2.12-2-gc4ccff1/elf/../elf/dl-runtime.c
cfn=(242) _dl_fixup
calls=11 +32 
* 12951
+1 11
+1 11
+1 11
+1 11
+1 11
+1 11
+1 11
+1 11
+1 11
+2 11

fl=(2)
fn=(132) version_check_doit
660 2
+3 4
cfi=(33)
cfn=(134)
calls=1 387 
* 2246
-1 2
+4 2

fn=(42) rtld_lock_default_lock_recursive
836 4
+1 4

fn=(44) rtld_lock_default_unlock_recursive
842 4
+1 4

fn=(72) do_preload
802 6
+6 1
+1 1
+5 5
-10 1
+6 1
+2 1
+2 1
cfi=(22) /usr/src/debug/glibc-2.12-2-gc4ccff1/elf/dl-error.c
cfn=(74) _dl_catch_error
calls=1 160 
* 2244
+1 2
+2 3
+12 5

fn=(80) map_doit
628 2
+2 7
cfi=(18) /usr/src/debug/glibc-2.12-2-gc4ccff1/elf/dl-load.c
cfn=(82) _dl_map_object
calls=1 1984 
* 2175
* 1
+2 2

fn=(2) _dl_start
365 9
+18 4
fi=(7)
76 2
fe=(2)
383 1
+29 2
-3 1
fi=(3) /usr/src/debug/glibc-2.12-2-gc4ccff1/elf/dynamic-link.h
119 1
fe=(2)
412 1
fi=(3)
119 2
+3 1
+4 1
+5 1
+3 1
+1 1
-3 1
-5 2
-5 14
+15 14
-18 42
+18 3
-18 9
+2 44
+5 32
+1 15
+10 5
-18 16
+25 2
fe=(2)
547 1
288 68
+12 2
cfi=(4) /usr/src/debug/glibc-2.12-2-gc4ccff1/elf/dl-lookup.c
cfn=(6) _dl_setup_hash
calls=1 873 
* 24
+1 1
+1 1
+1 1
-2 1
+3 1
-2 1
+1 1
+1 1
+21 1
+10 1
-10 3
+10 1
-6 1
-4 1
+10 1
cfi=(5)
cfn=(8)
calls=1 89 
* 129016
* 1
+9 1
+7 1
-4 1
+4 1
572 9
fi=(3)
128 12
+3 12
+1 8
+2 4
+1 4
fe=(2)
540 2

fn=(140) init_tls
782 1
-56 1
-4 1
-2 1
+2 1
+4 1
+60 3
-54 1
+3 4
cfi=(13)
cfn=(28)
calls=1 111 
* 64
* 1
+14 1
-14 1
+7 1
+1 1
+6 3
+2 8
+4 1
+2 1
-2 2
-5 1
-1 2
+1 3
-1 6
+13 1
cfi=(21) /usr/src/debug/glibc-2.12-2-gc4ccff1/elf/dl-tls.c
cfn=(142) _dl_determine_tlsoffset
calls=1 138 
* 55
+7 1
cfi=(21)
cfn=(144) _dl_allocate_tls_storage
calls=1 354 
* 424
+1 1
-1 1
+1 1
+6 1
+4 1
-4 1
+4 6
+3 1
+2 1

fn=(76) _dl_initial_error_catch_tsd
796 8

fn=(18)
888 1
+19 1
-19 5
+22 1
-22 2
+32 1
-32 4
+27 1
-1 1
+6 1
+3 1
-16 1
+3 1
+4 1
+1 1
+8 1
cfn=(20) process_envvars
calls=1 2532 
* 516
+7 3
1109 5
+9 1
-9 2
cfi=(11) /usr/src/debug/glibc-2.12-2-gc4ccff1/elf/dl-object.c
cfn=(24) _dl_new_object
calls=1 62 
* 250
+4 1
-4 1
+3 1
+6 2
-5 1
+1 2
+4 1
cfi=(11)
cfn=(40) _dl_add_to_namespace_list
calls=1 33 
* 31
* 1
+30 1
-3 1
+3 1
-8 1
+1 1
+2 1
+5 5
+1 24
-1 24
+1 39
+91 2
+1 1
-88 3
+1 1
+49 2
+1 2
-1 8
+2 4
+1 2
+3 2
+1 2
-1 2
+1 2
+1 2
+1 6
+1 2
-43 1
-3 2
+3 1
+7 2
-10 1
+10 1
+68 2
-87 3
+1 1
+92 3
+3 2
+2 2
+2 3
+13 3
+1 6
cfi=(15)
cfn=(46)
calls=1 135 
* 7
-1 2
+12 2
-4 1
-2 1
+3 1
+3 1
+6 2
fi=(3)
104 1
+9 2
+6 1
-2 1
+2 2
+7 1
+5 1
+3 1
+1 1
-3 1
-5 2
-1 12
+1 9
+10 3
-18 9
+2 38
+8 16
+8 16
-18 48
+25 3
+67 3
+14 3
+7 2
fe=(2)
1294 2
cfi=(4)
cfn=(6)
calls=1 873 
* 14
+3 2
+20 4
+92 1
cfi=(16)
cfn=(50)
calls=1 67 
* 92
* 8
+5 2
cfi=(18)
cfn=(54) _dl_init_paths
calls=1 633 
* 1962
+3 3
cfi=(20) /usr/src/debug/glibc-2.12-2-gc4ccff1/elf/dl-debug.c
cfn=(66) _dl_debug_initialize
calls=1 52 
* 23
+7 1
-7 1
+2 1
+5 1
+4 1
+3 1
-2 1
+3 1
-2 1
-2 2
+9 1
-9 1
+1 1
+8 1
+5 1
+4 1
-3 2
+3 1
+4 1
-5 1
+5 2
+1 2
+1 1
-1 2
+1 3
+2 2
+1 2
+5 2
+5 4
1642 1
cfi=(21)
cfn=(68) _dl_count_modids
calls=1 116 
* 5
* 1
+8 3
+3 2
+4 3
+5 2
+1 1
cfi=(20)
cfn=(70) _dl_debug_state
calls=1 77 
* 1
+1 1
+4 3
+19 4
+31 3
cfi=(25) /usr/src/debug////////glibc-2.12-2-gc4ccff1/io/../sysdeps/unix/syscall-template.S
cfn=(108) access
calls=1 82 
* 11
* 2
+77 5
+17 1
+1 2
-1 1
+1 2
-1 1
+1 3
cfi=(29) /usr/src/debug/glibc-2.12-2-gc4ccff1/elf/dl-deps.c
cfn=(110) _dl_map_object_deps
calls=1 149 
* 7030
+1 1
+2 5
+3 1
-3 2
+3 1
-3 1
+3 1
-3 1
+3 1
+1 5
-1 2
+1 12
-1 7
+4 3
+1 3
+1 1
+2 2
+1 17
-1 6
+1 2
+13 1
-1 2
+1 1
+2 4
+5 1
-5 1
+4 2
+12 1
+3 1
+1 1
-1 1
+1 3
+11 2
+2 3
-2 2
+1 4
+1 1
cfi=(22)
cfn=(130) _dl_receive_error
calls=1 198 
* 2286
+10 1
+1 1
-1 1
+1 1
+3 2
851 1
fi=(34) /usr/src/debug/glibc-2.12-2-gc4ccff1/elf/../sysdeps/unix/sysv/linux/dl-osinfo.h
70 2
+48 2
fe=(2)
853 1
+6 2
fi=(34)
127 2
+11 2
fe=(2)
864 1
+2 1
+6 1
1895 2
2121 3
+56 2
+4 4
+4 2
+48 2
+7 1
-7 1
+7 1
+3 17
+3 3
+6 2
+2 2
-2 6
+2 6
+7 4
-2 4
+2 8
+1 21
cfi=(35) /usr/src/debug/glibc-2.12-2-gc4ccff1/elf/dl-reloc.c
cfn=(148) _dl_relocate_object
calls=3 158 
* 102072
+4 10
+1 2
cfi=(21)
cfn=(170) _dl_add_to_slotinfo
calls=1 843 
* 24
+2 4
+2 8
+1 1
+2 7
+6 1
-6 1
+6 1
+9 4
+2 1
+5 2
cfi=(21)
cfn=(172) _dl_allocate_tls_init
calls=1 402 
* 128
+4 2
+11 4
+29 1
cfi=(5)
cfn=(174)
calls=1 252 
* 1
+4 3
+20 3
cfi=(20)
cfn=(66)
calls=1 52 
* 9
+1 1
-1 1
+2 1
cfi=(20)
cfn=(70)
calls=1 77 
* 1
+1 1
+4 1
cfi=(31) /usr/src/debug/glibc-2.12-2-gc4ccff1/elf/dl-cache.c
cfn=(176) _dl_unload_cache
calls=1 303 
* 15
+5 8
-50 1
+2 1
+1 1
-3 1
+3 3
-3 1
+3 1
cfi=(35)
cfn=(148)
calls=1 158 
* 8905
+1 1
+2 10
1438 4
-11 4
1799 9
+4 3
+1 1
+1 3
2256 1
+1 1
-3 2
1694 78
cfi=(14)
cfn=(38) memcpy
calls=1 56 
* 63
* 1
+3 4
+3 3
cfi=(13)
cfn=(64) strsep
calls=1 325 
* 1266
* 3
cfi=(13)
cfn=(64)
calls=1 325 
* 4
* 6
+1 4
+3 4
cfn=(72)
calls=1 802 
* 2271
* 2
+2 1
+2 12
1888 1
cfn=(140)
calls=1 782 
* 605
* 2

fn=(20)
2532 1
+8 2
-8 4
+23 1
-23 4
+8 1
-8 1
+8 2
-7 1
+6 2
fi=(86) /usr/src/debug/glibc-2.12-2-gc4ccff1/elf/../sysdeps/unix/sysv/linux/dl-librecon.h
32 1
fe=(2)
2539 1
-6 1
fi=(86)
32 2
fe=(2)
2542 2
cfi=(10) /usr/src/debug/glibc-2.12-2-gc4ccff1/elf/dl-environ.c
cfn=(22) _dl_next_ld_env_entry
calls=1 31 
* 114
* 4
cfi=(10)
cfn=(22)
calls=2 31 
* 174
* 9
+4 6
-4 2
+4 38
+1 19
-1 57
+9 12
2704 1
-4 1
+4 1
-4 1
+4 1
+30 2
+21 8
2629 17
-53 5
+7 12
+2 2
+1 1
+45 2
+1 1

fl=(13)
fn=(36) __libc_memalign
53 88
+1 87
+11 63
+3 21
-3 21
+3 42
-3 3
+3 1
-3 1
+3 78
+4 12
+1 9
+6 21
cfi=(27) /usr/src/debug////////glibc-2.12-2-gc4ccff1/misc/../sysdeps/unix/syscall-template.S
cfn=(98) mmap
calls=3 +3 
* 18
+2 6
+3 6
+1 6
-1 3
+1 6
+3 3
+1 3
+2 12
-3 19
+1 19
+2 76
-31 2
-1 5

fn=(64)
325 5
+1 10
+4 27
+5 6
-5 270
+5 364
+2 736
+8 92
-15 278
+18 2
+4 4
-13 2
+2 2
+7 1
+4 1

fn=(32)
95 21
+1 42
cfn=(36)
calls=21 -43 
* 581
* 21

fn=(28)
111 8
-3 8
+3 16
-3 8
+3 16
+4 16
cfn=(32)
calls=8 -20 
* 288
* 8

fl=(35)
fn=(148)
158 24
+10 8
-10 12
+14 4
-14 8
+14 4
+1 20
+6 8
+6 12
+4 8
+8 12
+45 4
fi=(7)
96 8
fe=(35)
242 8
fi=(7)
96 4
+39 6
fe=(35)
268 98
fi=(36) /usr/src/debug/glibc-2.12-2-gc4ccff1/elf/do-rel.h
57 2
+1 2
+1 2
fe=(35)
268 2
156 2
fi=(36)
-91 2
fe=(35)
+91 2
fi=(7)
295 2
fe=(35)
-27 2
fi=(7)
+27 2
fi=(36)
65 2
fe=(35)
268 2
fi=(36)
57 2
+1 2
+1 2
fe=(35)
268 2
156 2
fi=(36)
-91 2
fe=(35)
+91 2
fi=(7)
295 2
fe=(35)
-27 2
fi=(7)
+27 2
fi=(36)
65 2
+3 10
fi=(7)
476 2
-1 4
+4 4
-3 15
-1 30
+4 30
+2 51
+1 17
fi=(36)
68 51
fe=(35)
268 28
fi=(36)
59 4
fe=(35)
268 24
fi=(36)
65 4
fe=(35)
268 4
fi=(36)
57 4
+1 4
+7 4
+10 4
+2 4
-2 8
+1 4
+1 32
+14 3
-12 3
+12 7
-12 1
+12 2
+10 10
+10 9
+4 3
+2 3
-2 3
+2 3
fi=(7)
296 9
fi=(36)
119 6
+1 3
+2 6
-2 3
-1 3
fi=(7)
267 3
fi=(36)
119 3
fi=(7)
270 3
fi=(36)
119 3
+1 9
fi=(7)
270 3
fi=(36)
119 208
+1 104
+2 208
-2 104
-1 104
fi=(7)
267 104
fi=(36)
119 104
fi=(7)
270 104
fi=(36)
119 104
+1 312
fi=(7)
270 104
+18 214
+7 2247
fi=(36)
120 156
fi=(7)
295 234
fi=(36)
120 78
fi=(7)
295 351
fi=(36)
120 26
fi=(7)
295 39
fi=(36)
120 13
fi=(7)
295 1144
cfi=(4)
cfn=(154) _dl_lookup_symbol_x
calls=91 724 
* 95249
* 364
+1 321
+4 105
-4 210
+4 105
-1 210
+10 214
fe=(35)
-38 12
+28 4
+3 8
+13 8
+1 4
cfn=(168) _dl_protect_relro
calls=2 +8 
* 48
* 2
+1 32
fi=(7)
135 4
-39 4
+6 4
+4 6
+13 2
-8 2
+8 4
+13 2
+3 2
-3 2
+3 6
fe=(35)
+50 12
+83 18
fi=(36)
117 10
fi=(7)
309 428
+85 91
fi=(36)
117 182
fi=(7)
394 91
fi=(36)
117 93
fi=(7)
377 30
+4 30
+5 20
fi=(36)
117 10
fi=(7)
386 20
fi=(36)
117 20
fi=(7)
327 2
+1 1
fi=(36)
117 1
fi=(7)
328 1
fi=(36)
117 2
fi=(7)
448 4
fi=(36)
117 2
fi=(7)
448 2
cob=(3) /lib64/libc-2.12.so
cfi=(38) /usr/src/debug////////glibc-2.12-2-gc4ccff1/string/../sysdeps/x86_64/multiarch/strcmp.S
cfn=(166) strncasecmp
calls=1 124 
* 6
cob=(3)
cfi=(38)
cfn=(162) strcasecmp
calls=1 106 
* 59
+1 2
fi=(36)
117 4
fi=(7)
430 9
+4 15
cfi=(14)
cfn=(38)
calls=3 56 
* 54
+2 15
295 26
fi=(36)
104 5
fi=(7)
467 3
fi=(36)
104 2
fi=(7)
467 1
fi=(36)
104 1
+7 3
+16 5
+1 2
+1 2
-1 1
fi=(7)
267 1
fi=(36)
128 1
fi=(7)
270 1
fi=(36)
128 3
fi=(7)
270 1
fi=(36)
128 8
+1 8
-1 4
fi=(7)
267 4
fi=(36)
128 4
fi=(7)
270 4
fi=(36)
128 12
fi=(7)
270 4
+18 10
+7 195
cfi=(4)
cfn=(154)
calls=5 724 
* 5522
* 20
+1 15
+4 1
-4 2
+4 1
-1 2
+10 30
+85 15
fi=(36)
127 16
fi=(7)
295 75
fe=(35)

fn=(168)
324 2
-2 4
+1 4
+1 6
+2 4
+2 4
+1 6
cfi=(27)
cfn=(100) mprotect
calls=2 82 
* 10
-1 4
+7 4

fl=(25)
fn=(92) read
82 8
+1 2

fn=(106) close
82 12
+1 3

fn=(90) open
82 44
+1 11
+1 48

fn=(108)
82 4
+1 1
+1 6

fl=(1) ???
fn=(0) 0x0000003f2c600b00
0 2
cfi=(2)
cfn=(2)
calls=1 365 
0 129411
0 14
cfi=(40) /usr/src/debug/glibc-2.12-2-gc4ccff1/elf/dl-init.c
cfn=(182) _dl_init
calls=1 93 
0 3149
0 3
cob=(5)
cfi=(50)
cfn=(232) 0x00000000004008c8
calls=1 0 
0 113419150

fl=(26) /usr/src/debug/glibc-2.12-2-gc4ccff1/io/../sysdeps/unix/sysv/linux/wordsize-64/fxstat.c
fn=(96) _fxstat
37 3
-1 3
+1 3
+1 18
+4 3

fl=(8)
fn=(14)
29 12
+1 12
+1 12
+1 12
+2 5
+1 5
+2 5
+1 5
-1 7
+1 7
+1 11
+1 11
+1 11
+2 22
+5 11
+1 11
+1 11
+1 11
+3 11
-6 6
+1 6
+1 6
+1 6
+3 6
+1 13
+1 13
+1 13
+2 13
+3 13
+1 13
+1 13
+1 13
+3 13
+1 12
+1 12
+1 12
+2 12
+3 8
+1 8
+1 8
+1 8
+3 8
+1 7
+1 7
+1 7
+2 7
+3 7
+1 7
+1 7
+1 7
+3 7
+1 7
+1 7
+1 7
+2 8
+3 1
+2 1
+1 1
-3 10
+2 10
+1 10
+1 9
+2 9
+1 9
+1 7
+2 7
+1 7
+1 4
+2 4
+1 4
+1 2
+2 2
+2 2
+1 2
+1 1
+2 1
+1 1
+1 1
+2 1
+1 1
+3 12
+1 12

fl=(19) /usr/src/debug////////glibc-2.12-2-gc4ccff1/string/../sysdeps/x86_64/strchr.S
fn=(60) index
26 6
+1 6
+1 6
+1 6
+1 6
+1 6
+1 6
+1 6
+1 6
+1 6
+1 6
+1 6
+1 6
+1 6
+1 6
+1 6
+1 6
+1 6
+1 6
+1 6
+1 6
+2 8
+1 8
+1 8
+1 8
+1 8
+1 8
+1 8
+1 8
+1 8
+2 6
+1 6
+1 1
+1 1
+1 1
+1 1
+1 5
+1 6

fl=(11)
fn=(24)
62 27
+2 3
-2 12
+2 3
cfi=(8)
cfn=(14)
calls=3 -35 
* 136
+6 3
-6 3
+7 6
+6 12
cfi=(13)
cfn=(28)
calls=3 +34 
* 148
* 3
+3 3
-3 3
+3 6
+4 3
+5 3
-6 3
+4 3
+2 3
-5 3
+3 3
+2 6
cfi=(14)
cfn=(38)
calls=3 -33 
* 101
+2 3
-2 3
+5 3
-1 3
-2 3
+3 12
+3 3
-3 3
+3 3
+9 3
-7 3
+4 3
+3 3
-46 5
+48 2
-2 2
+2 30
-2 30
+18 6
-6 3
+6 3
-5 3
+5 3
-6 3
+6 12
+2 8
+3 7
+4 6
+4 12
+8 1
+6 1
-3 2
+3 4
-3 4
+3 4
+2 4
cfi=(8)
cfn=(14)
calls=2 29 
* 128
* 2
+4 2
-4 2
+4 2
+64 2
+7 27
70 6
+1 24
+66 4
-39 6
223 6
-86 1
-4 1
+4 2
+24 4
cfi=(13)
cfn=(32)
calls=2 -66 
* 58
* 2
+1 2
-1 2
+1 6
+45 6
cfi=(14)
cfn=(58)
calls=2 56 
* 84
* 2
+6 80
-1 40
+1 42
-1 2
+1 2
+2 4
+3 4

fn=(40)
33 12
+2 3
-2 3
+2 3
cfi=(2)
cfn=(42)
calls=3 836 
* 6
+2 20
+3 20
+2 2
+2 2
+4 2
+4 2
-4 4
+1 4
+3 2
-2 2
+3 6
-1 2
cfi=(2)
cfn=(44)
calls=2 842 
* 4
-4 1
+4 1
-4 2
+1 2
+3 1
-2 1
+3 3
-1 1
cfi=(2)
cfn=(44)
calls=1 842 
* 2
-5 2

fl=(24)
fn=(120) _dl_sysdep_read_whole_file
44 2
+3 1
-3 4
+3 1
-3 1
+3 1
cfi=(25)
cfn=(90)
calls=1 +35 
* 5
+1 1
-1 1
+1 2
+2 4
cfi=(26)
cfn=(96)
calls=1 -13 
* 10
* 2
+2 1
+3 1
-3 1
+3 1
+13 2
cfi=(25)
cfn=(106)
calls=1 +14 
* 5
+3 7
-14 7
cfi=(27)
cfn=(98)
calls=1 +25 
* 6
* 2

fn=(84)
301 270
+1 108
cfi=(15)
cfn=(46)
calls=54 135 
* 385
* 108
+3 54
+2 108
+4 55
-4 110
+1 174
cfi=(15)
cfn=(46)
calls=58 135 
* 811
* 116
+6 3
-7 3
+7 60
-7 51
+7 153

fl=(10)
fn=(22)
31 3
+3 11
+2 84
+11 40
-13 121
+17 1
-15 20
+6 2
-3 2
+3 2
+2 2

fl=(22)
fn=(74)
160 21
+9 3
+2 3
cfi=(2)
cfn=(76)
calls=3 796 
* 6
* 3
+1 3
+2 6
-2 3
+2 3
cfi=(23) /usr/src/debug////////glibc-2.12-2-gc4ccff1/setjmp/../sysdeps/x86_64/setjmp.S
cfn=(78) __sigsetjmp
calls=3 26 
* 57
+1 3
-1 3
+1 3
+2 6
+1 3
-1 3
+1 3
cfi=(29)
cfn=(112) openaux
calls=2 62 
* 5536
cfi=(2)
cfn=(80)
calls=1 628 
* 2187
+1 9
+1 3
+1 3
-1 3
+2 3
-1 3
+1 3
+10 12

fn=(130)
198 10
+1 1
cfi=(2)
cfn=(76)
calls=1 796 
* 2
+5 1
-1 1
-4 1
+9 1
+2 1
-3 1
+3 1
cfi=(2)
cfn=(132)
calls=1 660 
* 2256
+2 1
+1 1
+1 8

fl=(52)
fn=(242)
73 11
+6 22
-6 11
+6 11
-6 33
+6 11
+1 11
-4 11
+5 11
-2 11
-3 11
+4 11
+1 11
-1 44
+10 22
+4 33
+5 66
+1 33
+8 44
+7 22
+3 110
cfi=(4)
cfn=(154)
calls=11 724 
* 12071
* 11
+4 33
+4 44
+6 77
+8 11
+7 44
+4 33
fi=(7)
+85 11
fe=(52)
-81 66

fl=(29)
fn=(112)
62 4
+7 2
-4 22
cfi=(18)
cfn=(82)
calls=2 1984 
* 5502
* 2
+5 4

fn=(110)
149 1
+1 1
-1 2
+1 1
-1 2
+1 1
-1 1
+1 2
-1 4
+1 1
-1 1
+1 2
+16 1
-16 1
+14 1
+1 1
+1 1
+6 3
+10 1
-10 1
+10 1
-36 5
+20 1
-2 1
+19 1
-17 1
+6 1
-6 1
-2 1
+2 1
-2 1
+1 1
+1 1
+6 3
+10 1
-10 1
+10 5
+19 1
-15 1
+18 1
338 3
186 2
338 1
201 2
+2 1
+1 1
338 4
208 1
+5 1
+4 2
-9 3
+5 3
+4 6
+2 2
+3 8
+10 2
-8 2
+7 2
-7 2
+8 2
+3 2
-5 2
+1 2
-7 2
+5 2
+6 14
+50 4
+1 3
-51 188
+1 94
+6 10
cfi=(19)
cfn=(60)
calls=2 26 
* 68
* 6
+5 10
-3 2
+3 2
cfi=(22)
cfn=(74)
calls=2 -87 
* 5650
+2 6
+15 2
+2 4
+5 2
+6 2
+2 2
-8 4
+5 2
-2 2
+1 2
+2 2
+4 12
-59 8
+13 2
466 8
+2 6
+2 6
cfi=(13)
cfn=(32)
calls=2 95 
* 58
* 2
+2 2
-2 2
+2 2
+4 8
-1 2
+2 2
-1 4
cfi=(14)
cfn=(38)
calls=2 56 
* 41
+1 8
cfi=(14)
cfn=(38)
calls=2 56 
* 41
+4 2
-1 2
+5 24
+2 4
+1 26
217 14
+1 3
-1 6
+2 14
488 3
+4 4
+1 2
+3 5
+11 4
cfi=(13)
cfn=(32)
calls=1 95 
* 29
* 1
+2 1
-2 1
+2 1
+5 2
+1 1
-1 1
+1 1
-1 1
+1 1
-1 1
+1 5
+8 5
+4 2
-10 3
+6 15
+4 6
-10 10
+13 2
+53 4
+43 1
-5 1
+6 2
-1 6
+1 3
cfi=(28)
cfn=(102)
calls=1 44 
* 18
* 1
+25 2
-25 1
+25 1
-25 1
+25 1
-21 2
+7 1
-6 2
+6 1
-7 4
+7 2
-6 4
+6 6
+2 8
+1 4
-1 4
+1 4
+3 6
-1 9
+23 3
-28 6
+31 11
+3 16
cfi=(28)
cfn=(102)
calls=2 44 
* 34
* 4
-45 4
+45 1
+7 2
+2 1
+1 1
-1 1
+9 2
+3 2
+3 8
288 180
619 8
cfi=(14)
cfn=(38)
calls=1 56 
* 28
+2 3

fl=(14)
fn=(58)
56 25
+4 25
+3 25
+1 25
+2 11
+1 11
+2 11
+1 11
+5 11
+1 11
-1 14
+1 14
+2 17
+1 17
+2 17
+1 17
+5 17
+1 17
-1 8
+1 8
+2 9
+1 9
+2 9
+1 9
+5 9
+1 9
-1 16
+1 16
+2 14
+1 14
+2 14
+1 28
+5 14
+1 14
-1 11
+1 13
+5 2
+1 2
+1 2
+1 2
+2 2
+2 2
+1 2
+2 2
+6 25
+4 25
+12 1
+2 1
+1 1
+26 1
+1 1
+3 1
+1 1
+1 1
+5 1
+2 1
+1 1
+1 1
+1 1
+2 1
+1 1
+1 1
+1 1
+2 1
+1 1
+2 1
+2 1
+2 1
+1 1
+1 1
+1 1
+2 1
+1 1
+1 1
+1 1
+2 1
+1 1
+2 2
+5 1
+2 1

fn=(38)
56 15
+2 15
+2 15
+3 13
+1 13
+2 4
+1 4
+2 4
+1 4
+5 4
+1 4
-1 9
+1 9
+2 3
+1 3
+2 3
+1 6
+5 3
+1 3
-1 10
+1 10
+2 1
+1 1
+2 1
+1 1
+5 1
+1 1
-1 12
+1 12
+2 7
+1 7
+2 7
+1 7
+5 7
+1 7
-1 6
+1 10
+5 4
+1 4
+1 4
+1 4
+2 4
+2 4
+1 4
+2 4
+8 13
+8 4
+6 4
+2 4
+1 4
+3 1
+1 2
+5 1
+1 1
+2 1
+2 1
+1 1
+2 1
-8 2
+1 2
+2 2
+2 2
+1 2
+2 3
+9 1
+1 1
-1 3
+1 3
+3 4
+1 4
+1 4
+5 4
+2 4
+1 4
+1 4
+1 4
+2 4
+1 4
+1 4
+1 4
+2 4
+1 4
+2 4
+2 3
+2 3
+1 3
+1 3
+1 3
+2 3
+1 3
+1 3
+1 3
+2 3
+1 3
+2 6
+5 3
+6 3
+1 3
-7 1
+6 1
+1 1
+2 2

fl=(6)
fn=(10)
29 1
+3 4
+2 2
-2 1
+2 1
+7 2

fl=(9)
fn=(16)
35 3
+8 1
-8 1
+8 5
+4 2
+11 5

fl=(27)
fn=(178) munmap
82 4
+1 1

fn=(100)
82 16
+1 4

fn=(98)
82 45
+1 9

fl=(20)
fn=(70)
77 2

fn=(66)
52 8
+5 4
-5 4
+5 8
+5 2
-1 1
+1 3
+1 2
+4 4
-10 8
+4 1
-1 1
+1 4

fl=(32) /usr/src/debug/glibc-2.12-2-gc4ccff1/string/../string/memcmp.c
fn=(122) bcmp
322 2
+7 2
-7 10
+7 2
+4 3
+16 1
-16 1
+16 2
+1 2
136 7
+4 1
+1 1
+3 3
+48 1
-2 1
+1 1
+1 1
357 1
+2 1
-2 2
+1 1
+5 4
+6 4
+1 4
-3 4
+2 40
+1 20
-3 10
-4 26
+13 14
204 2
-5 2

fl=(31)
fn=(124) _dl_cache_libcmp
170 30
-29 20
+2 30
+20 30
+2 20
+4 10
+1 20
cfn=(125) _dl_cache_libcmp'2
calls=10 * 
* 617

fn=(125)
170 111
-29 76
+2 111
+2 3
+6 2
+1 1
-1 1
+2 1
-1 2
+1 3
+2 4
+2 2
+6 108
+2 72
+4 27
+1 54
cfn=(125)
calls=27 * 
* 1108
+3 2
+1 1
-8 36

fn=(176)
303 1
+1 4
+2 2
cfi=(27)
cfn=(178)
calls=1 82 
* 5
+1 1
+2 2

fn=(118) _dl_load_cache_lookup
183 8
+8 2
+3 3
+45 2
+6 3
+16 3
+12 1
-20 1
+8 1
+12 1
-12 1
+12 2
-20 1
+20 2
-20 1
+20 160
cfn=(124)
calls=9 170 
* 696
* 38
+21 9
-97 4
cfi=(24)
cfn=(120)
calls=1 44 
* 68
+8 2
+1 1
-1 2
+1 3
-1 13
+5 2
+3 4
+3 1
+1 2
-1 1
+1 1
+2 3
cfi=(32)
cfn=(122)
calls=1 322 
* 87
-2 2
+56 16
cfn=(124)
calls=1 170 
* 81
* 33
+16 4

fl=(4)
fn=(156) do_lookup_x
83 963
+1 107
-6 107
+5 321
-5 963
+12 107
231 107
+3 107
+39 107
-42 107
+3 107
99 107
-3 107
+1 107
+2 107
+3 107
-3 107
+3 107
-3 221
-3 221
+1 221
+2 221
+3 221
-3 221
+3 221
+4 674
+4 650
+4 650
+7 975
+4 325
+1 325
227 325
125 650
+1 650
227 325
+1 650
+4 117
+3 117
-3 234
+3 351
+1 117
+3 234
-1 234
+1 117
-1 234
+21 19
+24 448
470 672
+1 198
-1 554
+4 687
+4 856
288 752
+4 244
+13 101
+1 101
-1 101
+1 303
+1 101
471 200
cfi=(24)
cfn=(84)
calls=40 301 
* 1595
-1 200
263 832
+6 2080
+4 4616
cfn=(160) check_match.12439
calls=577 133 
* 19986
+1 2885
-3 2870
-2 2384
-27 594
+1 198
+2 693
+10 239
-7 890
+2 196
+1 98
-1 98
+1 392
-1 294
+1 392
cfn=(160)
calls=98 133 
* 15340
+1 996
fi=(37) /usr/src/debug/glibc-2.12-2-gc4ccff1/elf/../sysdeps/generic/dl-hash.h
30 107
+2 428
+3 107
-1 107
+1 321
+2 321
+1 428
+2 321
+1 428
+2 321
+1 428
+2 396
+1 2670
+3 3164
+1 1582
+13 791
+1 2373
-18 99
fe=(4)
264 214

fn=(6)
873 12
+5 2
+3 4
+2 2
-1 2
+4 2
+4 4
-4 2
+1 4
+2 2
+1 2
+2 2
+2 6
-7 2
+7 4
+1 2
+3 6
+2 2
+2 2
+1 2
+1 2
+2 2
-4 2
+4 4

fn=(154)
724 321
485 107
724 642
485 107
724 535
485 535
+1 214
-1 107
+1 321
-1 321
+1 2422
-1 1211
+1 3633
-1 3847
730 107
+9 107
-13 214
+1 214
+12 428
+6 963
+8 12
-8 30
+2 1605
cfn=(156)
calls=107 83 
* 91164
+3 214
-5 107
+33 214
+23 303
+1 202
-1 404
+39 202
-3 202
+14 303
+3 303
1023 101
859 101
+1 101
+1 856
-81 42
+17 12
+1 6
+54 2

fn=(160)
133 4050
+1 1350
+2 1350
+2 1065
-2 710
+12 1065
+3 710
+5 101
-1 101
+1 101
-1 101
+1 101
+2 200
+19 200
+1 500
+1 100
-1 200
+1 300
cfi=(15)
cfn=(46)
calls=100 -44 
* 8628
-1 200
+46 4725
-73 1415
cfi=(15)
cfn=(46)
calls=283 -16 
* 4692
* 849
+64 508
-9 2
+2 2
+1 2
-1 8
-72 1350
+79 640

fl=(21)
fn=(142)
138 1
+11 1
-11 3
+45 8
+5 2
+4 2
-4 3
+2 2
+2 3
+12 2
+4 5
+3 2
-1 2
+10 1
-37 2
+37 1
-37 3
+41 1
-1 1
+52 1
-51 1
+52 4
-52 3
+52 1

fn=(170)
843 6
+6 1
+3 2
+5 3
+42 1
-1 3
+1 2
+1 6

fn=(172)
402 7
+1 1
-1 1
+1 1
+4 1
+8 5
+5 6
+6 8
+27 3
+8 3
+1 3
+1 6
cfi=(14)
cfn=(58)
calls=1 56 
* 23
* 4
cfi=(28)
cfn=(102)
calls=1 44 
* 27
* 3
-43 3
+6 4
+3 1
+1 2
+7 1
+2 1
-2 2
+2 2
+38 1
+3 9

fn=(128) _dl_next_tls_modid
57 3
+48 2
+4 1

fn=(144)
354 1
+13 1
-13 2
+2 1
+11 2
cfi=(13)
cfn=(36)
calls=1 53 
* 50
* 1
+1 1
-1 1
+1 1
+7 1
+4 307
-58 1
+1 1
-1 1
+1 2
cfi=(13)
cfn=(28)
calls=1 111 
* 39
* 1
+1 2
+3 1
+6 2
+64 5

fn=(68)
116 2
+1 3

fl=(18)
fn=(94) _dl_map_object_from_fd
836 24
+11 2
-11 2
+11 2
-11 2
+11 2
cfi=(20)
cfn=(66)
calls=2 52 
* 18
+4 6
-4 2
+4 2
cfi=(26)
cfn=(96)
calls=2 37 
* 20
* 4
+11 14
+1 6
-1 15
+1 20
+17 4
+25 4
+10 4
+22 10
+35 14
cfi=(11)
cfn=(24)
calls=2 62 
* 1004
+1 2
-1 2
+1 2
-54 2
+65 2
-65 2
+65 2
+1 2
+4 2
-4 2
+1 4
+2 8
+1 6
+1 4
+22 2
+8 2
-25 2
+17 2
+8 4
-8 8
+8 4
-8 2
+8 4
-8 2
+8 4
+99 4
-47 2
+47 6
-47 2
+47 6
-98 24
+6 6
+1 8
-8 120
+1 85
+70 3
+4 1
+1 2
+1 3
+4 2
+3 2
+7 2
-3 2
+6 1
cfi=(21)
cfn=(128)
calls=1 57 
* 6
* 3
+1 1
+58 3
+1 3
-5 4
+1 2
1038 20
+6 8
+1 4
-1 16
+7 12
+11 4
+1 4
-1 4
+1 4
-1 8
+1 4
+1 28
+2 12
+1 12
+1 12
+4 4
-4 4
+4 10
+5 18
+11 2
-11 18
+11 2
-56 3
+1 1
+67 4
+78 8
985 2
1191 4
985 2
1191 8
+2 2
-2 2
+2 2
+19 16
cfi=(27)
cfn=(98)
calls=2 82 
* 12
+4 2
-4 2
+4 4
+7 6
+1 2
+2 2
-2 2
+2 2
+10 4
+35 12
+3 4
+7 16
+6 2
+2 2
-2 2
+1 2
+2 4
-1 8
+8 4
+3 4
+11 16
cfi=(28)
cfn=(102)
calls=2 44 
* 141
+1 12
+5 4
+15 4
-73 20
+4 4
-2 4
+2 20
cfi=(27)
cfn=(98)
calls=2 82 
* 12
-2 4
+11 4
+2 2
-2 2
+2 2
+2 3
-2 3
+2 2
+1 1
-1 2
+1 4
-3 2
+5 4
+57 2
-77 2
+77 4
+9 2
fi=(3)
113 2
fe=(18)
1345 2
fi=(3)
113 2
+6 2
-2 2
+2 4
+7 2
+5 2
+3 2
+1 2
-3 2
-5 4
-1 48
+1 27
+10 9
-18 27
+18 3
-18 9
+2 90
+8 33
+8 33
-18 99
+25 6
+20 4
+1 4
+1 4
+1 4
+2 4
+5 4
+1 3
+1 3
+35 6
+5 1
+2 1
-2 2
+2 1
+2 2
+2 2
+1 1
+2 6
+2 4
+2 4
+1 1
+2 4
fe=(18)
1351 6
+16 6
+19 4
+2 10
+51 6
+1 2
+3 2
cfi=(25)
cfn=(106)
calls=1 82 
* 5
* 2
cfi=(25)
cfn=(106)
calls=1 82 
* 5
* 4
+8 4
+3 4
+2 2
-2 2
+2 2
+16 4
cfi=(4)
cfn=(6)
calls=2 873 
* 38
+4 8
+18 4
+4 2
+5 2
-5 2
+1 4
+4 2
+6 6
cfi=(11)
cfn=(40)
calls=2 33 
* 84
+5 2
-1 4
+20 18
1232 14
cfi=(27)
cfn=(100)
calls=2 82 
* 10
* 2
1495 2
1321 8
cfi=(27)
cfn=(98)
calls=1 82 
* 6
+3 2
fi=(3)
128 12
+3 12
+1 8
+2 4
+1 4
fe=(18)

fn=(62) fillin_rpath
387 16
+4 3
cfi=(13)
cfn=(64)
calls=1 -66 
* 286
* 6
cfi=(13)
cfn=(64)
calls=2 -66 
* 244
* 9
+3 4
cfi=(8)
cfn=(14)
calls=2 29 
* 89
+4 2
-4 2
+4 2
+15 4
+29 21
+1 10
-38 8
+5 6
+51 6
+3 8
cfi=(13)
cfn=(32)
calls=2 95 
* 58
* 2
+3 2
-3 2
+3 2
+4 2
+2 6
-2 4
+2 2
cfi=(14)
cfn=(58)
calls=2 56 
* 58
* 2
+3 2
-2 4
+2 2
+1 1
+5 2
+1 1
-1 2
+1 2
-1 2
+1 1
-1 2
+1 26
+1 1
-1 3
+1 1
-1 20
-98 2
+98 3
+1 11
-1 6
+4 2
-1 4
+1 2
+7 4
+1 2
+3 6
+5 1
+3 9
-14 4
-9 3

fn=(126) local_strdup
161 4
+1 1
cfi=(8)
cfn=(14)
calls=1 29 
* 64
* 1
+1 2
cfi=(13)
cfn=(32)
calls=1 -68 
* 29
* 1
+2 2
+3 2
+1 2
-1 1
+1 1
-1 1
cfi=(14)
cfn=(38)
calls=1 56 
* 27

fn=(54)
633 1
+15 2
-15 8
+15 3
cfi=(5)
cfn=(56)
calls=1 354 
* 328
+4 1
-4 1
+4 1
cfi=(13)
cfn=(32)
calls=1 95 
* 29
* 1
+2 1
-2 2
+2 1
+7 5
+4 4
cfi=(13)
cfn=(32)
calls=1 95 
* 29
* 1
* 1
+3 3
+29 1
-22 2
+22 3
-2 2
-21 1
+1 1
+22 3
-8 1
-4 1
-2 2
+11 1
-6 1
-3 1
+1 1
+3 1
+1 1
+4 1
-5 1
-4 1
-2 2
+11 1
-6 1
-3 1
+1 1
+3 1
+1 1
+4 27
+1 2
-1 6
+1 2
-1 24
+1 4
-1 12
+3 10
+7 1
+4 1
-5 1
+6 2
+4 3
+32 4
+8 3
cfi=(19)
cfn=(60)
calls=1 26 
* 43
* 2
+2 2
cfi=(8)
cfn=(14)
calls=1 29 
* 65
* 8
cfi=(14)
cfn=(38)
calls=1 56 
* 31
* 1
+17 6
+2 1
+1 2
+1 1
-4 3
+2 26
+1 52
+1 26
-4 79
+7 1
cfi=(13)
cfn=(32)
calls=1 95 
* 29
* 1
+2 1
-2 1
+2 1
+6 7
cfn=(62)
calls=1 387 
* 997
+4 3
+6 1
+4 8
-72 1
-2 1
+2 2
+11 2

fn=(88) open_verify
1581 120
+36 10
-36 20
+36 38
+21 50
cfi=(25)
cfn=(90)
calls=10 82 
* 98
+1 10
-1 10
+1 10
+11 6
-1 2
+1 8
cfi=(25)
cfn=(92)
calls=2 82 
* 10
* 4
+7 6
-7 2
+7 2
+16 25
+2 2
-2 28
+60 4
+5 4
+2 6
+6 4
+7 2
+1 2
+1 2
-2 8
+1 6
+16 8
+15 4
-15 80
+1 27
+4 5
+1 3
+14 7
+2 3
+5 1
+1 1
-13 30
+16 2
+6 1
-3 1
+1 1
+1 1
+1 2
+1 1
-1 2
-3 1
+1 1
+1 4
-2 1
+3 2
+14 90
1673 6
cfi=(32)
cfn=(122)
calls=1 322 
* 89
* 4

fn=(86) expand_dynamic_string_token
317 8
+10 1
-10 1
+10 1
-10 1
+10 1
cfi=(19)
cfn=(60)
calls=1 26 
* 61
* 2
162 2
cfi=(8)
cfn=(14)
calls=1 29 
* 94
* 1
+1 2
cfi=(13)
cfn=(32)
calls=1 -68 
* 29
* 1
+2 2
+3 2
342 3
168 1
342 4
168 1
cfi=(14)
cfn=(38)
calls=1 56 
* 60

fn=(114) open_path
1835 8
+1 1
-1 5
+7 1
-7 1
+1 1
+6 2
+5 4
+52 2
-52 1
+52 1
-52 7
+75 3
-63 6
+7 8
cfi=(14)
cfn=(58)
calls=2 56 
* 58
+1 2
-1 2
+1 14
+20 16
-20 38
+3 16
+4 48
cfi=(14)
cfn=(58)
calls=8 56 
* 170
* 32
cfi=(14)
cfn=(58)
calls=8 56 
* 184
* 8
-1 8
+7 16
+3 56
cfn=(88)
calls=8 1581 
* 376
* 8
+2 24
+67 2
-41 2
+41 10
+7 2
-2 2
+2 10
-67 16
+1 48
+79 8
-80 16
+7 16
+3 8
-3 8
+3 24
cfi=(30)
cfn=(116)
calls=8 37 
* 98
-1 16
+1 4
-1 4
+3 12
+7 24
+65 9
-14 3
+10 2
-66 6

fn=(82)
1984 3
+11 3
-11 6
+11 3
-11 3
+11 3
-11 21
+11 3
-11 6
+11 6
+12 12
-12 18
+5 35
+3 21
cfi=(24)
cfn=(84)
calls=7 301 
* 478
* 14
2273 27
2027 2
-1 4
+10 2
-1 4
+26 4
-2 2
+2 2
cfi=(19)
cfn=(60)
calls=2 26 
* 53
* 4
2202 2
+1 4
cfn=(86)
calls=1 317 
* 278
+2 1
-3 1
+3 1
+4 9
cfn=(88)
calls=1 1581 
* 162
+3 1
-3 1
+3 1
+11 6
+3 4
+44 2
+1 14
-1 2
+1 6
cfn=(94)
calls=2 836 
* 3013
* 4
2026 4
+39 2
cfi=(8)
cfn=(14)
calls=1 29 
* 32
* 1
+2 1
-2 1
+2 1
+7 4
+35 3
+1 15
cfn=(114)
calls=1 1835 
* 1477
+6 1
-6 1
+6 1
+80 2
-80 2
610 3
2123 4
+6 2
cfi=(31)
cfn=(118)
calls=1 183 
* 1265
+2 1
-2 1
+2 1
+4 3
+9 2
+27 9
cfn=(88)
calls=1 1581 
* 339
+3 2
+2 3
cfn=(126)
calls=1 161 
* 138
+1 1
-1 1
+1 2
-94 1
-5 2
+5 1
+3 2
-3 1
+3 2
-3 1
+3 10
-3 3
610 3
2084 3
+14 5
+2 3
-2 2
610 3
2008 6
-1 12
+4 2
+2 2
-2 4
+2 6
cfi=(15)
cfn=(46)
calls=2 135 
* 21
* 6

fl=(15)
fn=(46)
135 501
+1 501
+1 501
+1 272
+1 272
+1 272
+1 272
cfn=(47) strcmp'2
calls=272 -6 
* 11295
+5 229
+1 229
+1 229
+1 229

fn=(47)
135 1575
+1 1575
+1 1575
+1 1438
+1 1438
+1 1438
+1 1438
cfn=(47)
calls=1303 -6 
* 53457
+2 135
+1 135
+2 137
+1 137
+1 137
+1 137

fl=(23)
fn=(78)
26 3
+2 3
+1 6
+1 3
+4 3
+1 3
+1 3
+1 3
+1 3
+2 6
+2 3
+1 3
+2 6
+2 3
+4 3
+1 3

fl=(40)
fn=(182)
93 11
+5 1
-4 1
+1 1
+3 2
+7 2
+27 2
+1 10
+1 4
-1 4
+1 8
-97 12
+9 3
-3 6
+3 9
+5 6
+5 2
+8 2
+6 6
cob=(3)
cfi=(42) /usr/src/debug/glibc-2.12-2-gc4ccff1/csu/../sysdeps/unix/sysv/linux/init-first.c
cfn=(208) _init
calls=1 -18 
* 2971
+4 1
+1 2
+65 8
-89 2
-5 4
-9 3
+9 1
-3 2
+3 3
+5 3

ob=(4)
fl=(41)
fn=(186)
0 6

fn=(202)
0 12

fn=(192)
0 16

ob=(1)
fl=(40)
fn=(182)
56 2
+8 2
+6 7
cob=(2)
cfi=(12)
cfn=(184)
calls=1 -70 
* 40
* 1
+4 1
+1 2
+26 2

ob=(3)
fl=(85) /usr/src/debug/glibc-2.12-2-gc4ccff1/libio/putc.c
fn=(464) putc
29 69
+3 69
-3 138
+3 966
+1 207
fi=(79) /usr/src/debug/glibc-2.12-2-gc4ccff1/libio/libioP.h
968 138
+1 759
fe=(85)
36 207
-3 207
cfi=(69) /usr/src/debug/glibc-2.12-2-gc4ccff1/libio/genops.c
cfn=(466) __overflow
calls=69 246 
* 3021
* 138

fl=(47) /usr/src/debug/glibc-2.12-2-gc4ccff1/elf/soinit.c
fn=(218) __libc_global_ctors
19 1
+7 1
-7 5
+1 1
cfi=(48) /usr/src/debug/glibc-2.12-2-gc4ccff1/string/../sysdeps/x86_64/cacheinfo.c
cfn=(220) init_cacheinfo
calls=1 538 
* 2822
-1 3
+10 2

fl=(61) /usr/src/debug/glibc-2.12-2-gc4ccff1/malloc/hooks.c
fn=(446) realloc_hook_ini
48 3
+1 1
-1 2
+1 1
+1 2
+1 1
cfi=(62) /usr/src/debug/glibc-2.12-2-gc4ccff1/malloc/arena.c
cfn=(300) ptmalloc_init
calls=1 467 
* 16
+1 2
+1 3
-1 1
cfi=(60) /usr/src/debug/glibc-2.12-2-gc4ccff1/malloc/malloc.c
cfn=(445) realloc'2
calls=1 3753 
* 1626

fn=(298) malloc_hook_ini
36 1
-1 2
+1 1
+1 1
cfi=(62)
cfn=(300)
calls=1 467 
* 59800
+1 1
+1 1
-1 1
cfi=(60)
cfn=(297) malloc'2
calls=1 3619 
* 1053

fl=(65) /usr/src/debug/glibc-2.12-2-gc4ccff1/nptl/../nptl/sysdeps/unix/sysv/linux/register-atfork.c
fn=(306) __linkin_atfork
117 1
+2 4
-1 3
+2 1

fl=(67) /usr/src/debug/glibc-2.12-2-gc4ccff1/misc/sbrk.c
fn=(314) sbrk
35 75
+8 102
+4 30
+4 56
+3 14
cfi=(68) /usr/src/debug/glibc-2.12-2-gc4ccff1/misc/../sysdeps/unix/sysv/linux/x86_64/brk.c
cfn=(316) brk
calls=14 -25 
* 168
-3 28
+7 90
-14 2
cfi=(68)
cfn=(316)
calls=1 -15 
* 12
* 4

fl=(82) /usr/src/debug////////glibc-2.12-2-gc4ccff1/string/../sysdeps/x86_64/memset.S
fn=(424) __GI_memset
44 12834
+1 12834
+1 12834
+4 12834
+1 12834
+1 12834
+1 12834
+2 12834
+1 12834
+2 7861
+5 7861
+1 7861
+1 7861
+1 7861
+1 7861
322 58
+2 58
+1 58
+1 58
+1 58
+1 58
+1 58
+1 58
+1 58
+1 58
+1 58
+1 58
+1 58
+1 58
+1 58
+1 58
+1 58
+1 58
-15 753
+1 753
+1 753
+1 753
+1 753
+1 753
+1 753
+1 753
+1 753
+1 753
+1 753
+1 753
+1 753
+1 753
+1 753
+1 753
-13 6835
+1 6835
+1 6835
+1 6835
+1 6835
+1 6835
+1 6835
+1 6835
+1 6835
+1 6835
+1 6835
+1 6835
+1 6835
+1 6835
-11 215
+1 215
+1 215
+1 215
+1 215
+1 215
+1 215
+1 215
+1 215
+1 215
+1 215
+1 215
504 4973
+1 4973
+1 4973
+1 4973
+1 4973
+1 4973
+1 4973
+5 4973
+1 4973
+1 4973
+1 4973
+1 4973
+85 4973
+1 4973
+2 4973
+1 4973
+2 435
+5 435
+1 435
+1 435
+1 435
+1 435
740 226
+1 226
+1 226
+1 226
+1 226
+1 226
+1 226
+1 226
+1 226
+1 226
+1 226
+1 226
-10 209
+1 209
+1 209
+1 209
+1 209
+1 209
+1 209
+1 209
+1 209
+1 209
+1 209
-8 100
+1 100
+1 100
+1 100
+1 100
+1 100
+1 100
+1 100
+1 100
-7 510
+1 510
+1 510
+1 510
+1 510
+1 510
+1 510
+1 510
-6 1247
+1 1247
+1 1247
+1 1247
+1 1247
+1 1247
+1 1247
-5 1673
+1 1673
+1 1673
+1 1673
+1 1673
+1 1673
-4 691
+1 691
+1 691
+1 691
+1 691
-3 5
+1 5
+1 5
+1 5
-2 10
+1 10
+1 10
-1 302
+1 302
866 4538
+1 4538
+1 9076
+4 4538
+1 4538
+1 4538
+1 4538
+1 4538
+1 4538
+1 4538
+1 4538
+1 4538
+1 4538
+2 4538
+1 4538
-12 3092
+1 3092
+1 3092
+1 3092
+1 3092
+1 3092
+1 3092
+1 3092
+1 3092
+1 3092
+2 3092
+1 3092
+1 4538
+5 4538
+1 4538
+1 4538
+1 4538
+1 4538

fl=(66) /usr/src/debug/glibc-2.12-2-gc4ccff1/malloc/morecore.c
fn=(312) __default_morecore
48 15
+1 15
cfi=(67)
cfn=(314)
calls=15 -14 
* 581
+1 45
+3 30

fl=(81) /usr/src/debug/glibc-2.12-2-gc4ccff1/libio/getc.c
fn=(396) getc
37 120440
+3 120440
-3 120440
+3 1686160
+1 722634
fi=(79)
968 240880
+1 1324840
fe=(81)
44 361320
-3 4
cfi=(69)
cfn=(398) __uflow
calls=2 368 
* 225
* 4

fl=(71) /usr/src/debug////////glibc-2.12-2-gc4ccff1/io/../sysdeps/unix/syscall-template.S
fn=(328) open
82 2
cfn=(330) __open_nocancel
calls=1 * 
* 5

fn=(374) __read_nocancel
82 15

fn=(478) __write_nocancel
82 10

fn=(330)
82 5

fn=(372) read
82 6
cfn=(374)
calls=3 * 
* 15

fn=(476) write
82 4
cfn=(478)
calls=2 * 
* 10

fl=(83) /usr/src/debug////////glibc-2.12-2-gc4ccff1/string/../sysdeps/x86_64/memcpy.S
fn=(450) memcpy
56 11
+2 11
+2 11
+3 3
+1 3
+11 3
+1 3
+11 3
+1 3
+11 3
+1 3
+2 3
+1 3
+2 3
+1 3
+5 3
+1 3
+23 3
+8 11
+6 11
+2 11
+1 11
+3 1
+1 2
+5 1
+1 1
+2 1
+2 1
+1 1
+2 1
-8 3
+1 3
+2 3
+2 3
+1 3
+2 4
+9 1
+1 1
-1 10
+1 10
+73 11
+1 11
+1 11
+5 11
+1 11
+4 11
+1 11
+2 12974
+1 11
+6 11
+1 11
+1 11
+3 8
+6 8
+1 8
+2 8
+13 3
+1 3
+1 3
+3 3
+1 3
+1 3
+1 3
+2 3
+2 3
+2 3
+2 3
+3 3
+1 3
+69 616
+2 616
+1 616
+1 616
+1 616
+1 616
+1 616
+1 616
+1 616
+2 616
+1 616
+2 616
+1 616
+1 616
+1 616
+1 616
+1 616
+1 616
+1 616
+2 616
+1 616
+2 616
+2 616
+2 616
+1 616
+1 616
+1 616
+1 616
+1 616
+1 616
+1 616
+2 616
+1 616
+2 616
+1 616
+1 616
+1 616
+1 616
+1 616
+1 616
+1 616
+2 616
+1 616
+2 616
+3 3
+2 3
+2 3
+2 3
+6 3
+1 3
+1 3
+2 3
+6 3
+1 3

fl=(46) /usr/src/debug////////glibc-2.12-2-gc4ccff1/string/../sysdeps/x86_64/strrchr.S
fn=(216) __GI_strrchr
26 1
+1 1
+1 1
+1 1
+1 1
+1 1
+1 1
+1 1
+1 1
+1 1
+1 1
+1 1
+1 1
+1 1
+1 1
+1 1
+1 1
+1 1
+1 1
+1 1
+1 1
+1 1
+1 1
+2 1
+1 1
+1 1
+1 1
+1 1
+1 1
+1 1
+1 1
+1 1
+1 1
+2 1
+1 1
+1 1
+1 1
+7 1
+1 1
+1 1
+1 1
+1 1
+1 1
+1 1

fl=(63) /usr/src/debug/glibc-2.12-2-gc4ccff1/misc/../sysdeps/unix/sysv/linux/getpagesize.c
fn=(302) getpagesize
35 5
+16 1

fl=(76) /usr/src/debug/glibc-2.12-2-gc4ccff1/libio/filedoalloc.c
fn=(354) _IO_file_doallocate
88 8
+15 12
cfi=(70) /usr/src/debug/glibc-2.12-2-gc4ccff1/libio/fileops.c
cfn=(356) _IO_file_stat
calls=2 1225 
* 28
* 4
+2 8
+11 3
+1 6
+3 12
cfi=(78) /usr/src/debug////////glibc-2.12-2-gc4ccff1/misc/../sysdeps/unix/syscall-template.S
cfn=(360) mmap
calls=2 -38 
* 12
* 6
+1 8
cfi=(69)
cfn=(362) _IO_setb
calls=2 404 
* 34
* 2
+2 8
-13 1
fi=(87) /usr/src/debug/glibc-2.12-2-gc4ccff1/libio/../sysdeps/unix/sysv/linux/sys/sysmacros.h
-65 6
fe=(76)
+65 1
-2 2
+8 1
-3 1
+3 2

fl=(70)
fn=(326) _IO_file_fopen@@GLIBC_2.2.5
257 9
+11 2
415 7
270 3
+25 1
-10 1
+10 1
-10 1
+10 7
-7 2
+7 1
-25 4
+65 1
227 2
+4 3
cfi=(71)
cfn=(328)
calls=1 82 
* 7
* 1
+4 2
+3 1
-1 1
+1 2
+1 2
-1 1
+1 1
+7 2
cfi=(69)
cfn=(324) _IO_link_in
calls=1 104 
* 11
+97 3
cfi=(72) /usr/src/debug/glibc-2.12-2-gc4ccff1/string/../string/strstr.c
cfn=(332) __GI_strstr
calls=1 53 
* 27
* 1
+1 3
-56 2

fn=(402) _IO_file_underflow@@GLIBC_2.2.5
537 8
+8 6
+6 6
+3 4
+13 4
+20 4
cfi=(69)
cfn=(404) _IO_switch_to_get_mode
calls=2 188 
* 40
+6 2
+5 8
-5 4
+1 2
+1 6
+3 2
cfn=(370) _IO_file_read
calls=2 1200 
* 26
+2 4
+10 2
-3 2
+3 4
+1 4
+1 4
+1 8

fn=(370)
1200 3
+1 6
+2 3
+1 3
-1 3
cfi=(71)
cfn=(372)
calls=3 82 
* 21

fn=(356)
1225 3
+2 9
cfi=(77) /usr/src/debug/glibc-2.12-2-gc4ccff1/io/../sysdeps/unix/sysv/linux/wordsize-64/fxstat.c
cfn=(358) _fxstat
calls=3 37 
* 30

fn=(364) _IO_file_seek
1214 4
cfi=(78)
cfn=(366) lseek
calls=2 82 
* 14

fn=(474) _IO_file_write@@GLIBC_2.2.5
1261 2
+2 2
-2 12
+2 2
-2 2
+2 4
+11 2
-11 4
+2 4
+3 8
cfi=(71)
cfn=(476)
calls=2 82 
* 14
+1 4
+9 6
+3 12
-6 6

fn=(350) _IO_file_seekoff@@GLIBC_2.2.5
957 24
+6 6
-6 6
+6 9
+3 10
+11 4
-11 5
+11 11
+4 6
+13 10
+45 2
+4 8
+1 1
-1 2
+3 1
+1 2
+1 2
+66 1
+3 21
-90 4
cfn=(356)
calls=1 1225 
* 14
* 2
+29 1
+4 4
+4 4
+1 2
-1 4
+2 2
-2 2
+1 2
+1 4
+5 8
cfn=(364)
calls=2 1214 
* 18
+1 2
-1 2
+1 2
+2 4
+4 8
cfn=(370)
calls=1 1200 
* 13
+3 3
-83 3
+1 3
+15 2
+15 2
+10 5
-12 4
+2 2
-65 1
-1 5
+21 3
+5 2
cfi=(69)
cfn=(352) _IO_doallocbuf
calls=1 419 
* 90
+1 4
+1 4
+93 2
+5 1
+3 1
+1 1
-1 1
+1 1
-4 5
+2 3
+3 1
-5 1
+3 1
+1 1
-1 1
+1 1
-4 5
+2 3
+3 1

fn=(472) _IO_do_write@@GLIBC_2.2.5
493 12
+1 2
-1 4
+1 4
+2 12
+11 6
+7 8
+8 10
cfn=(474)
calls=2 1261 
* 84
+1 2
-1 2
+1 4
+5 2
-2 2
+2 2
-2 6
+1 4
+1 2
-34 2
+34 2
-34 2
+29 4
+5 4

fn=(468) _IO_file_overflow@@GLIBC_2.2.5
829 345
+1 69
-1 69
+1 138
+7 410
+35 138
+3 138
+3 69
+1 69
-1 138
+1 276
+5 69
+1 345
-45 2
+12 3
+9 2
+4 1
+4 1
-1 1
-5 1
+1 1
+4 1
-3 1
+1 1
+3 1
-3 2
+3 3
+1 3
+9 6
+3 2
-1 6
cfn=(472)
calls=2 493 
* 182
* 4
-39 2
cfi=(69)
cfn=(352)
calls=1 419 
* 101
+1 6

fn=(322) _IO_file_init@@GLIBC_2.2.5
147 3
+5 1
-1 1
-4 1
+4 1
+3 1
cfi=(69)
cfn=(324)
calls=1 -50 
* 77
+1 1
+1 4

fl=(59) /usr/src/debug/glibc-2.12-2-gc4ccff1/libio/../libio/iofopen.c
fn=(292) __fopen_internal
68 7
+8 1
-8 1
+8 1
cfi=(60)
cfn=(296) malloc
calls=1 3619 
* 60876
* 1
+2 1
-2 1
+2 1
+3 1
+3 5
-3 1
+3 1
cfi=(69)
cfn=(318) _IO_no_init
calls=1 648 
* 57
+4 1
+1 1
-1 1
+1 1
cfi=(70)
cfn=(322)
calls=1 +58 
* 90
+4 5
cfi=(70)
cfn=(326)
calls=1 257 
* 112
* 2
+2 1
+5 5
-5 1
cfn=(336) __fopen_maybe_mmap
calls=1 -50 
* 4

fn=(290) fopen@@GLIBC_2.2.5
107 2
cfn=(292)
calls=1 -39 
* 61179

fn=(336)
45 1
-2 1
+2 1
+15 1

fl=(53) /usr/src/debug/glibc-2.12-2-gc4ccff1/csu/libc-start.c
fn=(246) (below main)
96 7
+10 1
-10 3
+10 3
+52 1
-52 1
+52 1
+1 4
cfi=(54) /usr/src/debug/glibc-2.12-2-gc4ccff1/stdlib/cxa_atexit.c
cfn=(248) __cxa_atexit
calls=1 57 
* 60
+22 4
+3 2
+1 5
cob=(5)
cfi=(50)
cfn=(252) __libc_csu_init
calls=1 0 
* 64
+4 4
+15 2
+9 2
cfi=(55) /usr/src/debug////////glibc-2.12-2-gc4ccff1/setjmp/../sysdeps/x86_64/bsd-_setjmp.S
cfn=(278) _setjmp
calls=1 34 
* 29
+1 2
+5 2
+1 2
+3 2
+3 5
cob=(5)
cfi=(58) /h/sschoe05/Desktop/comp40-2/hw6/Universal-Machine/um.c
cfn=(284) main
calls=1 70 
* 113417416
106 2

fl=(62)
fn=(300)
467 12
+8 6
631 14
476 1
-66 1
+2 1
+1 1
+1 1
+1 1
cfi=(63)
cfn=(302)
calls=1 35 
* 6
519 1
415 1
+96 1
-93 1
+1 1
+91 1
+1 1
+8 1
+8 2
+1 1
-3 1
+3 1
-1 1
+1 10
cfi=(65)
cfn=(306)
calls=1 117 
* 9
+11 2
+2 5
+16 2
382 84
+16 42
-18 129
622 2
+5 2
+1 2
+2 2
521 5
cfi=(64) /usr/src/debug/glibc-2.12-2-gc4ccff1/elf/dl-addr.c
cfn=(304) _dl_addr
calls=1 127 
* 59443
-2 2
+2 1
-2 2
382 14

fl=(49) /usr/src/debug/glibc-2.12-2-gc4ccff1/stdlib/bsearch.c
fn=(226) bsearch
27 169
+7 222
+2 85
+2 85
-2 85
+1 340
+1 170
cfi=(48)
cfn=(228) intel_02_known_compare
calls=85 152 
* 589
+1 170
+2 24
+1 21
-8 52
+14 117

fl=(57) /usr/src/debug/glibc-2.12-2-gc4ccff1/setjmp/sigjmp.c
fn=(282) __sigjmp_save
30 1
-1 2
+1 2
+5 1
-5 1
+5 2

fl=(78)
fn=(360)
82 15
+1 3

fn=(366)
82 4
cfn=(368) __lseek_nocancel
calls=2 * 
* 10

fn=(368)
82 10

fl=(74) /usr/src/debug/glibc-2.12-2-gc4ccff1/libio/fseek.c
fn=(346) fseek
37 2
+3 2
-3 4
+3 28
+1 8
cfi=(75) /usr/src/debug/glibc-2.12-2-gc4ccff1/libio/ioseekoff.c
cfn=(348) _IO_seekoff_unlocked
calls=2 +4 
* 380
* 6
fi=(79)
968 4
+1 22
fe=(74)
44 6

fl=(60)
fn=(296)
3619 15
+5 6
+1 6
+3 4
+33 16
+3 6
cfn=(308) _int_malloc
calls=2 4280 
* 278
+1 2
-1 2
+1 2
+21 8
+4 12
-64 1
+64 4
-64 1
cfi=(61)
cfn=(298)
calls=1 36 
* 60861

fn=(297)
3619 5
+5 2
+1 2
+3 2
+33 8
+3 3
cfn=(308)
calls=1 4280 
* 1018
+1 1
-1 1
+1 1
+21 4
+4 6

fn=(310) malloc_consolidate
5138 56
+22 14
+1 18
+2 6
+17 6
+2 12
+3 12
+4 12
-4 108
+4 150
+25 3970
-1 3970
+1 36489
+4 8347
+4 8347
-3 8347
+1 8347
+2 8347
+1 2025
+1 2025
+3 2025
+1 2025
+1 2025
-2 2025
+3 2025
-3 2025
+12 2025
-3 2025
+3 2025
-12 6322
+1 6322
+1 6322
-2 6322
+3 6322
-3 6322
+12 6322
-3 6322
+3 6324
-3 2
+3 2
-41 8349
-3 8349
+3 16698
+1 8349
+1 16698
+2 16698
+1 5945
+2 5945
-1 5945
+2 64568
+3 16698
+3 16694
+4 8754
+26 228
-7 2
+1 2
-1 6
2481 3
+5 3
+5 1
+2 1
-2 1
+2 1
5248 56
2482 1
5134 2
2482 3
-2 2
+2 378
-2 253
+10 3
5214 7

fn=(448) _int_realloc
5257 64
+22 8
-22 8
+21 8
+1 8
-1 8
+1 8
-1 16
+21 8
+1 8
+1 16
-1 8
+1 16
+7 8
+83 8
-83 8
+8 16
+11 17
5494 56
5316 1
+2 1
-2 2
+21 28
cfn=(308)
calls=7 4280 
* 370608
* 7
+1 28
+3 7
+1 7
+5 14
+11 7
+1 7
+2 14
+3 14
+22 28
cfn=(438) _int_free
calls=7 4802 
* 642
+5 14
-72 4
+2 1
-2 2
+2 1
-2 3
+1 2
+1 1
+2 2
+42 14
cfi=(83)
cfn=(450)
calls=7 56 
* 38029
* 7

fn=(308)
4280 263646
+30 234352
+8 58588
+1 72777
+1 24259
+2 24259
+4 48518
-6 7699
+9 15398
-9 7699
+9 23097
+1 7699
-1 7699
+1 15398
+5 38495
4715 9092
-1 9092
+1 18184
+75 263646
4363 43190
+1 21577
+1 21577
-1 21577
+1 21577
-1 21577
+1 43154
+2 64731
+1 1994
+3 996
+1 1992
+6 996
+1 996
+2 996
-4 996
+4 1992
+23 118
+1 54
+1 16
cfn=(310)
calls=4 5138 
* 362056
* 8
4764 4
-2 4
+2 8
-2 4
+2 12
-2 4
+2 40
4448 4
4764 20
4425 4
4764 12
4433 4
4764 4
4448 4
4764 8
4425 4
4764 20595
-2 20595
+2 41190
-2 20595
+2 61785
-2 20595
+2 205950
4448 20595
4764 102975
4425 20595
4764 61785
4433 20595
4764 20595
4448 20595
4764 41190
4425 20595
4764 2
4425 1
+69 1958
+1 1958
+1 9790
-1 1958
+1 1958
-1 1958
+1 3916
+45 1958
+4 1958
-3 1958
-1 1958
+7 1958
-5 1958
+1 1958
+1 1958
+3 1958
-7 79
+4 79
-3 79
-1 79
+7 79
-5 79
+1 79
+1 79
+3 79
4425 67911
+3 9129
-2 9129
+1 36516
+8 9129
+10 36228
+35 2116
-5 2116
+1 2116
+4 2116
+13 4074
+6 416
+1 10
+1 10
+3 20
-5 464
+1 58
+1 58
+3 116
+5 52
-3 52
+3 104
+5 3
-1 3
+1 3
+1 12
+6 22
-2 213
+6 98
+6 2
-1 2
+1 2
+1 2
+1 4
+2 98
-36 548
+1 6
+1 6
+3 12
-5 35
+1 5
+1 5
+3 10
+34 108
-91 7282
-2 29112
+6 7013
+1 14026
+4 7013
-3 14026
+1 7013
+1 14026
+1 7013
+2 6417
+1 6417
+3 6417
+3 6417
-3 6417
+6 6417
-6 32085
+2 6417
-2 6417
+7 6417
-5 12834
+5 19251
-7 596
+3 596
-3 596
+6 596
-6 2980
+2 596
-2 596
+7 596
-5 1192
+5 1788
+30 26
+28 94
+30 40524
+71 13508
+4 13508
-4 13508
+2 13508
-1 13508
+3 13508
-2 13508
+2 13508
-1 13508
-2 13508
+3 13508
-1 13508
-2 27016
+8 67887
+2 158787
+2 158956
+2 372
+5 93
-5 186
+5 184
+1 91
+1 91
-2 182
+1 1425
+1 1425
-2 3586
+7 461
+3 922
+1 143
+1 143
+1 143
-2 429
+60 143
4499 21
4737 13190
+1 13190
-1 13190
+1 13190
+2 26380
+18 32
+1 5
cfn=(310)
calls=1 5138 
* 113
+5 1
-3 4
+3 1
-3 1
4482 79
-1 79
+1 158
+76 68
+3 53
4749 13174
+1 52756
4404 24
4665 318
+8 636
-8 318
+5 636
+3 2937
+3 636
+13 263
+1 526
-6 263
+17 263
-6 263
+1 263
+2 263
-1 263
+4 263
+1 262
+1 526
+2 69
+1 69
+2 69
+3 69
-3 414
+2 138
-2 69
+2 138
-2 194
+3 194
-3 1164
+2 388
-2 194
+2 388
4404 53
-78 15398
4678 55
-1 55
+1 165
4404 9
-35 4
cfn=(310)
calls=1 5138 
* 670
* 3
+35 8
2992 30
+13 15
-13 15
+13 18
+14 5
+7 2
+83 42
3422 42
+1 14
+8 56
+4 28
-2 14
+2 28
-1 14
+1 28
+1 14
-1 14
+1 14
+2 14
-3 28
+1 14
4785 45
-41 26348
-2 13174
+2 26348
-1 13174
+1 26348
+2 13174
-2 13174
+2 13174
-2 26348
+2 26348
3076 28
+95 14
+19 14
-19 14
+8 14
-8 56
+19 70
+8 14
-8 14
+8 14
+1 70
cfi=(66)
cfn=(312)
calls=14 48 
* 659
+2 14
-2 14
+2 42
+2 28
+1 28
4786 28
3249 28
+1 1
+1 2
3086 1
3257 1
-6 1
+6 1
-6 26
3086 13
3257 13
-6 13
+6 39
+1 65
-32 2
+34 7
+42 5
+19 1
+7 2
-4 1
+4 1
-4 1
+1 4
+3 2
cfi=(66)
cfn=(312)
calls=1 48 
* 27
+12 4
+5 2
+1 2
4786 1
3365 1
-1 1
+1 3
+1 1
+11 2
-84 2
3028 8
cfi=(78)
cfn=(360)
calls=1 82 
* 6
+2 3
+27 3
+5 5
+1 1
+2 1
+1 1
-1 1
+1 1
+1 1
+9 2

fn=(438)
4802 175788
+15 19532
-15 19532
+15 39064
+6 117192
+17 39064
+13 39064
+11 16048
+1 16048
-1 32096
+1 16048
-1 32096
+29 48144
+3 48144
+1 32096
+1 16048
+4 16048
-4 16048
+10 112336
+9 64192
+2 16048
+2 96288
+2 32096
5117 128440
4952 6968
+2 13936
+19 10452
+6 3484
-10 3484
+10 3484
+8 10452
+7 6968
-1 3484
+1 6968
+7 10452
+4 6968
+1 17
+2 17
-1 17
+2 185
+3 6968
+5 6966
+1 982
+1 94
+10 94
+1 94
+1 188
-2 3389
+1 3389
+1 6778
+7 3483
-2 3483
+1 3483
+1 3483
+2 29
+1 29
+2 29
+3 29
-2 29
+2 29
+1 29
-1 29
+31 58
-34 3454
+3 3454
-2 3454
+2 3454
+1 3454
-1 3454
+31 6910
+1 2
+3 3
4963 27816
+58 6778
+62 5
+15 10452
+2 13908
+17 27816
-59 1
+2 1
-1 4
+20 2
cfn=(310)
calls=1 +59 
* 3541
* 1
-61 14
-37 3484
-2 3484
+2 6968
-2 6968

fn=(444) realloc
3753 72
+7 16
+1 16
+4 14
+4 14
+5 7
-2 7
+2 14
+6 42
+7 56
+3 14
+19 21
+9 42
+8 35
cfn=(448)
calls=7 5257 
* 408234
* 7
+2 28
+4 21
+27 63
-97 1
+97 7
-97 1
cfi=(61)
cfn=(446)
calls=1 48 
* 1658

fn=(445)
3753 9
+7 2
+1 2
+4 2
+4 2
+5 1
-2 1
+2 2
+6 6
+7 8
+3 2
+19 3
+9 6
+8 5
cfn=(448)
calls=1 5257 
* 1558
* 1
+2 4
+4 3
+27 9

fn=(390) calloc
4050 29284
-13 29284
+13 29284
-3 29284
+3 29284
-13 175704
+10 29284
+3 58568
+8 58568
+1 58568
+15 292840
+7 29284
+8 29284
-7 58568
+7 58568
+7 87852
cfn=(308)
calls=29284 4280 
* 3593916
+6 29284
-6 29284
+6 29284
+21 117136
+5 29284
-4 29284
+4 58568
+2 3
+45 263556
-36 29283
-3 29283
+3 117132
+10 29283
+1 58566
+3 58566
+7 16449
-3 16449
+1 16449
+1 16449
+1 16449
+3 16449
-2 16449
+1 16449
+1 16449
+3 16447
-2 16447
+1 16447
+1 16447
+1 16313
+1 32626
-29 39540
+15 38502
cfi=(82)
cfn=(424)
calls=12834 44 
* 526019
* 12834

fn=(436) free
3702 39050
+1 39050
+5 39050
+6 19525
-3 19525
+3 39050
+15 58575
+2 39050
cfn=(438)
calls=19525 4802 
* 1456240

fl=(80) /usr/src/debug/glibc-2.12-2-gc4ccff1/libio/ioftell.c
fn=(382) ftell
37 1
+3 1
-3 1
+3 14
+1 5
cfi=(75)
cfn=(348)
calls=1 +4 
* 63
* 1
+1 5
fi=(79)
968 2
+1 6
fe=(80)
48 2
+16 3
fi=(79)
969 6
fe=(80)

fl=(42)
fn=(208)
52 6
+6 1
-6 2
+6 2
+17 1
fi=(44) /usr/src/debug/glibc-2.12-2-gc4ccff1/csu/../sysdeps/unix/sysv/linux/x86_64/init-first.c
-40 2
fe=(42)
+38 1
+1 1
fi=(44)
-41 2
fe=(42)
+42 1
fi=(44)
-42 3
+2 1
cfi=(43) /usr/src/debug/glibc-2.12-2-gc4ccff1/elf/../sysdeps/unix/sysv/linux/dl-vdso.c
cfn=(210) _dl_vdso_vsym
calls=1 -8 
* 8
+8 1
-5 2
+5 1
-5 1
+2 2
+1 1
+2 1
cfi=(43)
cfn=(210)
calls=1 -16 
* 8
fe=(42)
+46 3
fi=(44)
-45 2
+1 1
fe=(42)
+44 1
cfi=(45) /usr/src/debug/glibc-2.12-2-gc4ccff1/misc/init-misc.c
cfn=(214) __init_misc
calls=1 -58 
* 68
+8 1
cfi=(47)
cfn=(218)
calls=1 -78 
* 2835
+2 6
-32 1
-9 1
+9 4

fl=(45)
fn=(214)
31 3
+1 1
-1 1
+1 4
+2 3
cfi=(46)
cfn=(216)
calls=1 -8 
* 44
+1 2
+3 3
+1 3
+2 4

fl=(55)
fn=(278)
34 1
+2 1
cfi=(56) /usr/src/debug////////glibc-2.12-2-gc4ccff1/setjmp/../sysdeps/x86_64/setjmp.S
cfn=(280) __sigsetjmp
calls=1 -10 
* 27

fl=(39) /usr/src/debug/glibc-2.12-2-gc4ccff1/csu/../sysdeps/x86_64/multiarch/init-arch.c
fn=(164) __init_cpu_features
53 1
-8 1
+8 1
+3 1
-3 1
+3 3
+70 1
+1 1
+2 1
+1 2
-74 2
+9 1
-33 3
+6 1
-6 1
+6 1
-6 1
+7 1
+30 1
-30 1
-7 1
+37 1
-31 1
+27 2
-26 1
+30 1
+1 1
-38 1
+32 1
+6 1
+5 2
+3 1
+1 2
+23 4
-23 6

fl=(43)
fn=(210)
27 2
+1 4
+4 4
+14 2
+4 4

fl=(56)
fn=(280)
26 1
+2 1
+1 2
+1 1
+4 1
+1 1
+1 1
+1 1
+1 1
+2 2
+2 1
+1 1
+2 2
+2 1
+9 1
cfi=(57)
cfn=(282)
calls=1 -26 
* 9

fl=(38)
fn=(166)
124 1
+1 1
+3 1
+1 1
+1 1
+5 1

fn=(162)
106 1
+1 1
+1 1
cfi=(39)
cfn=(164)
calls=1 -55 
* 52
+2 1
+1 1
+1 1
+5 1

fl=(72)
fn=(332)
53 9
+10 3
+2 2
fi=(73) /usr/src/debug/glibc-2.12-2-gc4ccff1/string/../string/str-two-way.h
273 1
fe=(72)
89 9
-26 3

fl=(68)
fn=(316)
29 15
+3 90
+2 45
+7 30

fl=(69)
fn=(352)
419 2
+1 2
-1 2
+1 2
+6 4
-4 4
+1 6
cfi=(76)
cfn=(354)
calls=2 88 
* 165
* 4

fn=(324)
104 8
+1 6
+4 1
-2 2
+2 5
+1 11
+1 1
+1 15
+4 1
+2 1
-4 1
+1 1
-1 1
+4 7
+2 1
-1 1
+1 9
+1 2
+3 8
-6 6

fn=(318)
648 9
+1 1
cfn=(320) _IO_old_init
calls=1 -13 
* 24
+3 1
-2 1
+2 1
+2 1
+1 1
+1 1
+1 1
+1 1
+1 1
+1 1
+1 1
+1 1
+1 1
+1 1
+1 1
+2 1
+3 1
+1 6

fn=(320)
636 1
-21 1
+1 1
-1 1
+2 1
+1 1
+1 1
+17 1
-16 1
+1 1
+1 1
+1 1
+1 1
+1 1
+2 1
+1 1
+1 1
+1 1
+1 1
+5 1
+1 4

fn=(404)
188 4
-1 4
+1 2
+3 6
+5 2
-1 4
+1 2
+7 2
-4 2
+2 6
+2 2
+2 4

fn=(466)
246 207
+1 1
+1 3
cfi=(70)
cfn=(468)
calls=1 829 
* 162
* 204
cfi=(70)
cfn=(468)
calls=68 829 
* 2444

fn=(362)
404 8
+1 2
-1 2
+1 4
+4 2
-2 2
+1 2
+1 2
+1 2
+3 8

fn=(398)
368 2
+2 2
-2 2
+2 5
+6 6
+3 8
+2 6
+6 4
+5 4
+2 4
+1 2
-1 4
cfn=(400) _IO_default_uflow
calls=2 +46 
* 174
-24 2

fn=(400)
440 2
-1 4
+1 2
cfi=(70)
cfn=(402)
calls=2 +97 
* 150
+1 4
+2 8
+1 4

fl=(75)
fn=(348)
45 9
+1 6
+9 14
+16 9
+1 6
-1 3
cfi=(70)
cfn=(350)
calls=3 957 
* 396

fl=(54)
fn=(250) __new_exitfn
73 1
+6 1
-6 1
+6 5
+2 5
+2 3
-2 1
+10 1
-10 3
+45 1
+1 1
+3 4
+3 3
-35 2
+14 1
+1 2

fn=(248)
57 2
-22 1
+22 5
-22 1
cfn=(250)
calls=1 +38 
* 35
+2 3
+4 2
+3 1
-1 1
+2 1
+2 2
+12 6

fl=(64)
fn=(304)
127 9
+5 1
-5 2
+5 2
cob=(1)
cfi=(2)
cfn=(42)
calls=1 836 
* 2
+3 5
+1 4
+1 14
31 2
+1 2
+3 3
+5 1
+6 1
-6 1
+1 3
+2 3
+3 1
+5 3
+74 1
-74 1
+74 4
-72 1
+19 1
-18 2
-1 1010
+19 1010
-18 2020
+2 3600
+14 1257
+2 3771
-10 2514
+1 1257
-1 4314
+1 900
-1 1800
+2 4314
-2 4314
+3 6462
-3 5538
+3 615
-3 1278
+3 16
-3 32
+3 599
-3 3355
+10 5325
-21 4042
+85 6
-36 2
+1 2
+1 2
+3 2
+41 2
cob=(1)
cfi=(2)
cfn=(44)
calls=1 842 
* 2
+3 9
-32 1
+1 3

fl=(48)
fn=(222) handle_intel
307 4
+9 2
-9 16
+8 2
+1 4
+8 4
+5 2
-5 4
+5 2
+7 10
cfn=(224) intel_check_word
calls=2 163 
* 1602
+1 4
+3 10
cfn=(224)
calls=2 163 
* 741
+1 4
+3 5
cfn=(224)
calls=1 163 
* 23
+1 2
+3 5
cfn=(224)
calls=1 163 
* 204
+1 2
-18 2
+1 2
-1 4
+27 16

fn=(224)
163 66
+1 12
+8 6
-2 40
+14 26
+53 26
+36 65
-1 13
+1 13
cfi=(49)
cfn=(226)
calls=13 27 
* 2129
+2 26
+2 12
+14 2
+6 11
172 22
+2 13
+2 26
-4 4
302 48
-23 2
+2 4
+2 4

fn=(220)
538 4
+13 3
+7 2
747 5
560 3
cfn=(222)
calls=1 307 
* 1645
+4 2
-4 1
+4 1
cfn=(222)
calls=1 307 
* 1031
+2 1
-2 1
+2 2
+29 1
-18 1
+18 3
+7 6
+6 2
-6 12
+6 6
+3 20
+2 1
+6 6
+7 1
-7 1
+38 2
+75 2
+3 2
+1 1
+1 1
-1 2
+4 2
+3 2
+1 1
+1 1
-1 3
-86 7
-1 3
-31 8
+2 2
+2 8
+2 4
+5 1
+2 2
+1 1
-1 1
+1 4
+1 1

fn=(228)
152 340
+3 164
+1 85

fl=(77)
fn=(358)
37 3
-1 3
+1 3
+1 18
+4 3

ob=(5)
fl=(50)
fn=(232)
0 11
cob=(3)
cfi=(53)
cfn=(246)
calls=1 96 
0 113417624
cob=(1)
cfi=(51)
cfn=(240)
calls=1 30 
0 1510
0 5

fn=(256)
0 6

fn=(252)
0 15
cob=(2)
cfi=(12)
cfn=(254)
calls=1 0 
0 39
0 10

fn=(262)
0 15

fn=(272)
0 12

fl=(58)
fn=(408) exe_loadval
233 2829432

fn=(410) exe_jump
394 304812
+1 152406
+1 76203
-1 76203
+1 76203
+3 304812

fn=(420) exe_move
355 168948
233 203526

fn=(418) exe_add
233 70737
366 141474
233 141474

fn=(456) exe_output
388 69
+1 69
260 138
fi=(84) /usr/include/bits/stdio.h
82 69
fe=(58)
266 69
390 69
fi=(84)
82 69
cob=(3)
cfi=(85)
cfn=(464)
calls=69 -53 
* 5919
cob=(1)
cfi=(51)
cfn=(240)
calls=1 -52 
* 1258
* 73
fe=(58)

fn=(284)
70 5
+2 2
+1 3
cob=(3)
cfi=(59)
cfn=(290)
calls=1 +34 
* 61181
cob=(1)
cfi=(51)
cfn=(240)
calls=1 -43 
* 1116
* 5
+4 1
-4 1
+4 1
410 1
-3 1
+1 1
+1 1
+1 1
cob=(3)
cfi=(60)
cfn=(296)
calls=1 3619 
* 174
cob=(1)
cfi=(51)
cfn=(240)
calls=1 30 
* 1145
* 5
+40 1
-40 1
+1 1
143 1
450 1
cob=(3)
cfi=(60)
cfn=(296)
calls=1 3619 
* 174
* 1
111 3
450 1
+1 1
+1 1
145 1
+1 1
-35 1
cob=(3)
cfi=(74)
cfn=(346)
calls=1 -74 
* 304
cob=(1)
cfi=(51)
cfn=(240)
calls=1 -81 
* 1141
* 5
+1 2
cob=(3)
cfi=(80)
cfn=(382)
calls=1 -75 
* 110
cob=(1)
cfi=(51)
cfn=(240)
calls=1 -82 
* 1272
* 5
+1 3
-1 1
+1 1
cob=(3)
cfi=(74)
cfn=(346)
calls=1 -76 
* 158
* 1
+94 1
-93 1
+4 1
+89 2
+4 1
+1 2
-53 2
+63 1
-4 3
+4 1
-4 1
cob=(3)
cfi=(60)
cfn=(390)
calls=1 4050 
* 250
cob=(1)
cfi=(51)
cfn=(240)
calls=1 30 
* 1210
* 5
-55 3
-42 1
+46 1
-46 6
-18 1
+2 3
cob=(3)
cfi=(81)
cfn=(396)
calls=1 -68 
* 152
cob=(1)
cfi=(51)
cfn=(240)
calls=1 -75 
* 1135
* 5
+16 30109
-18 30109
+2 90327
cob=(3)
cfi=(81)
cfn=(396)
calls=30109 -68 
* 1174365
* 30109
* 270990
cob=(3)
cfi=(81)
cfn=(396)
calls=90330 -68 
* 3522870
* 90330
* 120440
-1 240880
+91 30110
+1 30110
-1 90330
+1 30110
-75 90330
-27 4
351 4244148
242 1414716
351 707358
-27 707358
+23 5658864
-23 1818541
+23 8889464
-23 1111183
+1 16366869
cfn=(456)
calls=69 +63 
* 7802
cfn=(430) exe_unmap
calls=19525 +60 
* 2738527
cfn=(428) exe_divide
calls=7908 +47 
* 47448
cfn=(426) exe_multiply
calls=9543 +44 
* 47715
cfn=(422) exe_map
calls=29283 +56 
* 7692107
cfn=(420)
calls=56316 +30 
* 372474
cfn=(418)
calls=70737 -92 
* 353685
cfn=(416) exe_nand
calls=139356 +50 
* 836136
cfn=(414) exe_segload
calls=375759 222 
* 3757590
cfn=(412) exe_segstore
calls=326484 222 
* 2938356
cfn=(410)
calls=76203 +69 
* 990639
cfn=(408)
calls=707358 -92 
* 2829432
* 1818541
96 1818541
-2 1818541
+2 1818541
-2 7274161
202 3637080
351 5455620
-17 3637080
202 2
351 3
-17 2
+17 2222366
242 2222366
351 4444732
242 2222366
351 1111183
242 4444732

fn=(412)
222 326484
-26 326484
+26 326484
-27 652968
+1 1305936

fn=(416)
375 278712
233 139356
375 418068

fn=(422)
381 29283
207 29283
381 29283
207 29283
381 29283
+1 29283
207 29283
+4 14153
-52 14153
+53 42459
-53 43432
+63 29279
-4 87837
+4 29279
-4 29279
cob=(3)
cfi=(60)
cfn=(390)
calls=29279 4050 
* 6462957
* 29279
+4 4
-4 12
+4 4
-4 4
cob=(3)
cfi=(60)
cfn=(390)
calls=4 4050 
* 1676
* 4
-55 87849
+4 29283
+66 58566
384 117132
+31 75650
209 15130
-50 15130
+50 15130
-50 15130
460 4
+1 4
-1 4
+1 8
cob=(3)
cfi=(60)
cfn=(444)
calls=4 3753 
* 31107
cob=(1)
cfi=(51)
cfn=(240)
calls=1 30 
* 1092
* 8
* 8
-45 45390
+2 15130
-2 75650
+1 30260
+1 15130
-1 60520

fn=(428)
372 15816
233 7908
372 7908
233 15816

fn=(414)
222 375759
-20 375759
+20 375759
-20 375759
+31 375759
-31 751518
+31 1127277

fn=(430)
385 58575
+1 19525
222 58575
-49 39050
cob=(3)
cfi=(60)
cfn=(436)
calls=19525 3702 
* 1749115
cob=(1)
cfi=(51)
cfn=(240)
calls=1 30 
* 1158
* 19529
+2 19525
-1 19525
+1 19525
424 117142
+3 19521
177 19521
427 19521
+1 97605
-41 78084
+40 4
177 4
427 4
+1 20
-41 16
+47 4
+1 4
-1 4
+1 8
cob=(3)
cfi=(60)
cfn=(444)
calls=4 3753 
* 379283
* 4
+1 4
-1 4
+1 8
+1 8
+1 28
cob=(3)
cfi=(83)
cfn=(450)
calls=4 56 
* 2443
cob=(1)
cfi=(51)
cfn=(240)
calls=1 30 
* 1145
* 8
+1 28

fn=(426)
369 9543
233 9543
369 9543
233 19086

totals: 113551729
